[gd_scene load_steps=3 format=3 uid="uid://nepv47umjdf0"]

[ext_resource type="PackedScene" uid="uid://d2812ej708k17" path="res://assets/succulent_plants/scene.gltf" id="1_8xls6"]
[ext_resource type="Script" path="res://models/plant_model.gd" id="2_4nfm1"]

[node name="PlantModel" instance=ExtResource("1_8xls6")]
transform = Transform3D(0.423425, 0, 0.905931, 0, 1, 0, -0.905931, 0, 0.423425, 0, 0, 0)
script = ExtResource("2_4nfm1")
type = 4

[node name="Sketchfab_model" parent="." index="0"]
transform = Transform3D(-2.77361, 2.8822, 1.25985e-07, 0, -1.74846e-07, 4, 2.8822, 2.77361, 1.21238e-07, 0, 0, 0)

[node name="Pot003" parent="Sketchfab_model/Root" index="0"]
unique_name_in_owner = true
transform = Transform3D(0.907675, -0.419674, -1.83446e-08, 0.419674, 0.907675, -4.03567e-09, 1.83446e-08, -4.03567e-09, 1, 0, 0, 0)
visible = false

[node name="green dram" parent="Sketchfab_model/Root/Pot002" index="2"]
unique_name_in_owner = true
transform = Transform3D(-0.0950257, -0.0983798, -0.0615777, 0.116063, -0.0805563, -0.0504135, -1.73482e-08, -0.07958, 0.12715, -0.0376695, 0.0697476, 0.42577)
visible = false

[node name="Pot001" parent="Sketchfab_model/Root" index="2"]
unique_name_in_owner = true
transform = Transform3D(-0.00701585, -0.999975, -4.37104e-08, 0.999975, -0.00701585, -4.40181e-08, 4.37104e-08, -4.40182e-08, 1, 0.0326475, -0.0207181, -9.05621e-10)
visible = false

[node name="Pot004" parent="Sketchfab_model/Root" index="3"]
unique_name_in_owner = true
transform = Transform3D(1, 0, 0, 0, 1, 0, 0, 0, 1, 0, 0, 0)
visible = false

[node name="Pot005" parent="Sketchfab_model/Root" index="4"]
unique_name_in_owner = true
transform = Transform3D(0.488149, 0.87276, 3.81496e-08, -0.87276, 0.488149, -2.23738e-08, -3.81497e-08, -2.23737e-08, 1, 0.0100297, 0.00524204, 2.29138e-10)

[node name="Pot006" parent="Sketchfab_model/Root" index="5"]
unique_name_in_owner = true
transform = Transform3D(1.12, 0, 0, 0, 1.12, 0, 0, 0, 1.12, 0, 0, -0.04)
visible = false

[node name="Pot007" parent="Sketchfab_model/Root" index="6"]
unique_name_in_owner = true
transform = Transform3D(1.095, 0, 0, 0, 1.095, 0, 0, 0, 1.095, 0, 0, -0.02)
visible = false

[node name="Pot008" parent="Sketchfab_model/Root" index="7"]
unique_name_in_owner = true
transform = Transform3D(1, 0, 0, 0, 1, 0, 0, 0, 1, 0, 0, 0)
visible = false

[node name="Pot009" parent="Sketchfab_model/Root" index="8"]
unique_name_in_owner = true
transform = Transform3D(0.134817, -0.99087, -4.33124e-08, 0.99087, 0.134817, -3.78185e-08, 4.33125e-08, -3.78184e-08, 1, 0.0427157, 0.0213961, 3.58563e-07)
visible = false

[node name="Pot010" parent="Sketchfab_model/Root" index="9"]
unique_name_in_owner = true
transform = Transform3D(0.999444, 0.0333296, 1.45688e-09, -0.0333296, 0.999444, -2.43388e-11, -1.45686e-09, -2.42801e-11, 1, -0.0269476, 0.102779, -2.33926e-07)
visible = false
